,A,C,D,E,F,G,H,I,K,L,M,N,P,Q,R,S,T,V,W,Y
1,0.0,0.0,0.0,0.0,0.0,0.0,0.0,0.0,0.0,0.0,1.0,0.0,0.0,0.0,0.0,0.0,0.0,0.0,0.0,0.0
2,0.20776311008840984,0.012655928303257841,0.057648056194743856,0.08513988131282549,0.020346372774615477,0.07557224173428606,0.013685357878163983,0.01871139639094102,0.04965483831900206,0.06303742279278188,0.018226958943926366,0.03173065277945985,0.051592588107060675,0.026946832990190142,0.04880707278672641,0.10009688748940293,0.046687658956037305,0.046566549594283635,0.015380888942715273,0.009749303621169917
3,0.10657623834322393,0.021254692987767953,0.04541601065762384,0.06636793024100764,0.028400145331234104,0.07199951556255299,0.020951919583383796,0.02319244277582657,0.046505994913406803,0.10233741068184571,0.018771951071817852,0.025796294053530337,0.06969843768923338,0.04178272980501393,0.07345282790359695,0.09997577812764927,0.05686084534334504,0.051653142787937506,0.015138670219207945,0.013867021920794477
4,0.09404141940171976,0.022647450647935087,0.03536393363206976,0.06370352428242704,0.03366840256751847,0.06685236768802229,0.01913527915707884,0.02924791086350975,0.0508659319365387,0.11366113600581325,0.01974082596584716,0.029732348310524404,0.07339227322272011,0.04190383916676759,0.07066731258326268,0.09095313067700134,0.05244035363933632,0.05770861087562069,0.01701586532638973,0.01725808404989706
5,0.08302046748213637,0.02276856000968875,0.03748334746275887,0.05873804045052682,0.03167009809858302,0.08302046748213637,0.01834806830568003,0.03185176214121352,0.052985345767227805,0.11069395664284849,0.02070970085987647,0.025675184691776674,0.059767470025432964,0.043841588954826205,0.07654111662831536,0.08883371684631222,0.05001816640426305,0.06503572726171733,0.01913527915707884,0.019861935327600822
6,0.09010536514472568,0.024645755116870532,0.04135884703887611,0.06273464938839772,0.03173065277945985,0.07708610875620686,0.017621412135158047,0.03100399660893787,0.0506842678939082,0.11650720600702434,0.019922490008477654,0.024948528521254693,0.06588349279399297,0.03948165193169432,0.07417948407411892,0.08713818578176093,0.048867627467603245,0.05879859513140366,0.017803076177788542,0.019498607242339833
7,0.08465544386581082,0.02276856000968875,0.04045052682572363,0.06055468087683178,0.03415284001453312,0.07018287513624803,0.018287513624803197,0.029732348310524404,0.047111541722175125,0.13176698558798594,0.0207702555407533,0.027370715756327966,0.06733680513503694,0.04014775342133947,0.07103064066852367,0.08562431875984014,0.049473174276371566,0.061705219813491585,0.017924185539542208,0.018953615114448347
8,0.08695652173913043,0.024403536393363207,0.036635581930483226,0.05782972023737435,0.03651447256872956,0.06903233619958823,0.020285818093738646,0.033486738524887975,0.04329659682693472,0.1377618989947923,0.020951919583383796,0.027370715756327966,0.06697347704977595,0.04275160469904324,0.0676395785394211,0.07835775705462032,0.0482015259779581,0.0632796415162892,0.018590287029187358,0.019680271284970328
9,0.08895482620806588,0.027370715756327966,0.03966331597432481,0.05577086108756207,0.037967784909773525,0.07242339832869081,0.017924185539542208,0.03245730894998183,0.0455371200193775,0.14393847644422914,0.016531427879375074,0.024342981712486375,0.062068547898752574,0.03851277703766501,0.06618626619837713,0.08150660046021557,0.0506842678939082,0.0634613055589197,0.017560857454281216,0.017136974688143392
10,0.08598764684510113,0.02924791086350975,0.04184328448589076,0.05637640789633039,0.037059464696621046,0.07212062492430665,0.017621412135158047,0.032881191716119654,0.04317548746518106,0.1450284607000121,0.01840862298655686,0.02319244277582657,0.06243187598401356,0.038331112995034514,0.06424851641031852,0.08411045173791934,0.0468693229986678,0.06370352428242704,0.019014169795325178,0.01834806830568003
11,0.08683541237737677,0.024887973840377862,0.038028339590650356,0.06025190747244762,0.03596948044083808,0.07654111662831536,0.017560857454281216,0.03269952767348916,0.041116628315368775,0.14527067942351943,0.017439748092527553,0.02313188809494974,0.0634613055589197,0.04359937023131888,0.06309797747365871,0.07962940535303378,0.04493157321060918,0.06703403173065278,0.018590287029187358,0.019922490008477654
12,0.08641152961123895,0.025372411287392517,0.04014775342133947,0.06515683662347099,0.03463727746154778,0.07853942109725082,0.01846917766743369,0.034818941504178275,0.03960276129344798,0.14527067942351943,0.01846917766743369,0.024706309797747367,0.06473295385733317,0.038391667675911345,0.058374712365265834,0.07853942109725082,0.04765653385006661,0.06527794598522466,0.01707642000726656,0.01834806830568003
13,0.08695652173913043,0.026341286181421824,0.039784425336078476,0.06043357151507812,0.03881555044204917,0.07484558556376408,0.01804529490129587,0.03185176214121352,0.04226716725202858,0.1461789996366719,0.01913527915707884,0.025614630010899843,0.06103911832384643,0.03917887852731016,0.05946469662104881,0.08217270194986072,0.04317548746518106,0.06854789875257357,0.01865084171006419,0.017500302773404385
14,0.0895603730168342,0.02797626256509628,0.03790723022889669,0.06091800896209277,0.03439505873804045,0.07290783577570546,0.019559161923216665,0.03578781639820758,0.041116628315368775,0.14224294537967785,0.017863630858665373,0.02549352064914618,0.05970691534455613,0.04147995640062977,0.05916192321666465,0.08392878769528885,0.047474869807436114,0.06624682087925397,0.01798474022041904,0.018287513624803197
15,0.08380767833353518,0.026280731500544992,0.04317548746518106,0.06025190747244762,0.03960276129344798,0.07847886641637399,0.01998304468935449,0.032093980864720845,0.04087440959186145,0.1383068911226838,0.01840862298655686,0.023071333414072907,0.06243187598401356,0.040268862783093134,0.06285575875015138,0.08005328811917162,0.047111541722175125,0.06545961002785515,0.017924185539542208,0.019559161923216665
16,0.08738040450526825,0.02682572362843648,0.04232772193290541,0.06279520406927455,0.04051108150660046,0.07575390577691656,0.020528036817245972,0.03469783214242461,0.04196439384764442,0.13370473537604458,0.017560857454281216,0.026946832990190142,0.05904081385491099,0.0428727140607969,0.058435267046142665,0.08550320939808648,0.04365992491219571,0.06285575875015138,0.016713091922005572,0.019922490008477654
17,0.08713818578176093,0.02664405958580598,0.04190383916676759,0.06654959428363813,0.03863388639941868,0.07841831173549715,0.021920794477413102,0.03403173065277946,0.04372047959307254,0.12528763473416496,0.018166404263049534,0.024887973840377862,0.060373016834201286,0.044326026401840864,0.058435267046142665,0.07775221024585201,0.04862540874409592,0.06455128981470268,0.01574421702797626,0.022889669371442413
18,0.0893787089742037,0.02615962213879133,0.042630495337289576,0.06237132130313673,0.03724112873925155,0.07690444471357635,0.021678575753905777,0.032154535545597676,0.04311493278430423,0.12849703282063704,0.016894755964636066,0.026765168947559648,0.06055468087683178,0.048019861935327604,0.05958580598280247,0.084231561099673,0.0468693229986678,0.05867748576964999,0.018832505752694684,0.019438052561463002
19,0.0905292479108635,0.028460700012110936,0.041661620443260265,0.06751846917766743,0.035303378951192926,0.07708610875620686,0.02040692745549231,0.03500060554680877,0.042993823422550564,0.12298655686084535,0.016228654474990917,0.026038512777037667,0.0636429696015502,0.04493157321060918,0.06176577449436842,0.08229381131161438,0.04632433087077631,0.060373016834201286,0.016713091922005572,0.01974082596584716
20,0.08798595131403658,0.02585684873440717,0.041601065762383434,0.06782124258205159,0.03548504299382342,0.07635945258568487,0.02186023979653627,0.031609543417706186,0.04293326874167373,0.12159379920067821,0.017560857454281216,0.027067942351943805,0.05916192321666465,0.04487101852973235,0.05928303257841831,0.08610875620685479,0.04765653385006661,0.06582293811311614,0.017439748092527553,0.021920794477413102
21,0.08756206854789875,0.025917403415284,0.043902143635703036,0.07199951556255299,0.03500060554680877,0.08144604577933874,0.020588591498122803,0.03397117597190263,0.044386581082717695,0.11505389366598039,0.01804529490129587,0.023676880222841225,0.06358241492067337,0.04444713576359453,0.05855637640789633,0.08065883492793993,0.048019861935327604,0.0663073755601308,0.01707642000726656,0.01980138064672399
22,0.0868959670582536,0.025130192563885188,0.04626377618989948,0.0663073755601308,0.036151144483468574,0.08090105365144726,0.020225263412861814,0.03318396512050382,0.043962698316579875,0.11069395664284849,0.017136974688143392,0.02452464575511687,0.0640062976868112,0.04771708853094344,0.06055468087683178,0.08362601429090469,0.04832263533971176,0.06485406321908684,0.017863630858665373,0.021678575753905777
23,0.08550320939808648,0.025614630010899843,0.043902143635703036,0.06794235194380525,0.03451616809979412,0.08302046748213637,0.02070970085987647,0.03397117597190263,0.048867627467603245,0.1095434177061887,0.016107545113237254,0.02349521618021073,0.06521739130434782,0.04462879980622502,0.06182632917524525,0.08580598280247063,0.04729320576480562,0.06291631343102821,0.01634976383674458,0.02276856000968875
24,0.08223325663073755,0.025311856606515682,0.047535424488312945,0.06891122683783456,0.034879496185055106,0.08065883492793993,0.02379798958459489,0.03445561341891728,0.0468693229986678,0.10706067579023859,0.01701586532638973,0.02749182511808163,0.062492430664890394,0.04729320576480562,0.05873804045052682,0.08350490492915102,0.05038149448952404,0.06188688385612208,0.017197529369020224,0.022284122562674095
